Agent8
Dim: 10
Move: 
[98, 28, 51, 42, 42, 178, 135, 43, 130, 128, 140, 137, 161, 26, 70, 72, 110, 124, 37, 42, 1, 188, 71, 189, 85, 149, 75, 93, 91, 52]
Examine: 
[188, 93, 91, 110, 167, 463, 317, 45, 375, 261, 211, 373, 371, 75, 138, 190, 309, 283, 103, 143, 13, 305, 257, 302, 207, 353, 291, 231, 193, 103]
Examine+ Move: 
[286, 121, 142, 152, 209, 641, 452, 88, 505, 389, 351, 510, 532, 101, 208, 262, 419, 407, 140, 185, 14, 493, 328, 491, 292, 502, 366, 324, 284, 155]
Dim: 20
Move: 
[56, 46, 216, 1378, 1586, 534, 862, 244, 749, 121, 135, 2115, 476, 715, 484, 392, 192, 552, 606, 175, 176, 35, 62, 199, 513, 305, 694, 317, 222, 634]
Examine: 
[141, 118, 530, 2886, 2883, 1365, 1682, 617, 1305, 305, 463, 2297, 970, 1749, 1031, 699, 561, 1562, 1543, 450, 543, 42, 170, 595, 1064, 799, 1445, 879, 631, 1548]
Examine+ Move: 
[197, 164, 746, 4264, 4469, 1899, 2544, 861, 2054, 426, 598, 4412, 1446, 2464, 1515, 1091, 753, 2114, 2149, 625, 719, 77, 232, 794, 1577, 1104, 2139, 1196, 853, 2182]
Dim: 30
Move: 
[1373, 642, 976, 1007, 148, 1481, 97, 377, 437, 1175, 215, 784, 198, 1514, 1413, 1378, 208, 319, 2616, 1220, 1854, 1076, 809, 2132, 510, 204, 1022, 1465, 395, 38]
Examine: 
[3079, 1327, 1855, 1929, 368, 3013, 267, 828, 1117, 2645, 616, 1692, 857, 3199, 2893, 2914, 553, 817, 4185, 2622, 3611, 2355, 1981, 3727, 1136, 585, 2527, 2499, 776, 199]
Examine+ Move: 
[4452, 1969, 2831, 2936, 516, 4494, 364, 1205, 1554, 3820, 831, 2476, 1055, 4713, 4306, 4292, 761, 1136, 6801, 3842, 5465, 3431, 2790, 5859, 1646, 789, 3549, 3964, 1171, 237]
Dim: 40
Move: 
[2119, 495, 5817, 2876, 118, 1436, 1587, 2595, 654, 2999, 2906, 1408, 1899, 2393, 1070, 1663, 3254, 3018, 1596, 2508, 416, 2395, 2316, 1465, 2740, 1758, 143, 53, 1855, 1526]
Examine: 
[4248, 1133, 8913, 5321, 325, 3380, 3453, 5512, 1548, 5992, 5857, 3651, 3931, 5445, 2239, 3859, 6015, 5615, 3727, 5124, 1275, 4959, 4167, 3279, 5565, 3749, 489, 153, 4173, 3793]
Examine+ Move: 
[6367, 1628, 14730, 8197, 443, 4816, 5040, 8107, 2202, 8991, 8763, 5059, 5830, 7838, 3309, 5522, 9269, 8633, 5323, 7632, 1691, 7354, 6483, 4744, 8305, 5507, 632, 206, 6028, 5319]
Dim: 50
Move: 
[102, 20197, 733, 768, 622, 1550, 2330, 1903, 1954, 188, 1686, 617, 3216, 3284, 1225, 402, 12779, 3764, 0, 586, 936, 1221, 3491, 4944, 4994, 2757, 1987, 11397, 56, 2501]
Examine: 
[269, 19999, 1809, 1581, 1739, 3441, 5151, 3871, 4253, 439, 3763, 1832, 6504, 7747, 3217, 1141, 18631, 7743, 3, 1367, 1772, 2795, 8255, 8961, 9280, 5829, 4067, 16965, 144, 5457]
Examine+ Move: 
[371, 40196, 2542, 2349, 2361, 4991, 7481, 5774, 6207, 627, 5449, 2449, 9720, 11031, 4442, 1543, 31410, 11507, 3, 1953, 2708, 4016, 11746, 13905, 14274, 8586, 6054, 28362, 200, 7958]
Dim: 60
Move: 
[981, 22693, 2417, 7174, 21953, 6182, 3517, 3112, 1288, 3428, 2685, 5716, 2949, 1128, 3094, 3621, 2779, 4401, 603, 4228, 695, 18902, 480, 257, 2804, 3622, 1868, 4956, 5027, 1391]
Examine: 
[2087, 26251, 5099, 13457, 27596, 12437, 8460, 7097, 3055, 7535, 6774, 11139, 6651, 2786, 6981, 7774, 6581, 9926, 1531, 9597, 1913, 22844, 1158, 594, 6920, 8475, 4416, 10406, 10875, 3738]
Examine+ Move: 
[3068, 48944, 7516, 20631, 49549, 18619, 11977, 10209, 4343, 10963, 9459, 16855, 9600, 3914, 10075, 11395, 9360, 14327, 2134, 13825, 2608, 41746, 1638, 851, 9724, 12097, 6284, 15362, 15902, 5129]
